S:	49.894139	14.183750
K1:	49.894158	14.183372
K2:	49.894438	14.183027
K3:	49.894561	14.183489
C:	49.894773	14.183488
