S:	49.894139	14.183750
K1:	49.894229	14.184344
K2:	49.894881	14.183911
C:	49.894773	14.183488
