S:	50.166386	16.277900
K1:	50.166828	16.278611
K2:	50.166164	16.279275
C:	50.165392	16.277172