S:	50.165392	16.277172
K1:	50.165436	16.278103
K2:	50.166289	16.278803
C:	50.166386	16.277900