S: 50.12671, 14.50589
K1: 50.12691, 14.50556
K2: 50.12678, 14.50611
E: 50.12671, 14.50589