S:	49.894773	14.183488
K1:	49.894561	14.183489
K2:	49.894438	14.183027
K3:	49.894109	14.183001
K4:	49.894158	14.183372
C:	49.894139	14.183750
