S:	50.165392	16.277172
C:	50.166414	16.278203


