S:	50.165367	16.277153
C:	50.166383	16.278158
